2.198926502894896373e+02
3.305051597133036921e+03
2.933108972970647301e+03
2.012902633913621457e+03
3.454306912014405043e+03
2.920719454482974470e+03
3.652892389264168742e+03
1.810806911120603036e+04
5.399052418930796193e+03
7.512167591450918735e+03
5.926987097196893046e+03
6.038706627259160086e+03
7.286978796653961581e+03
5.360009837956470619e+03
5.735005066115017144e+03
2.610585728982359797e+03
5.347828378744672591e+03
4.272453754464608210e+03
6.487745679199171718e+03
4.409519440134100478e+03
4.302048712897239966e+03
3.794262487820816659e+03
6.981000159648652698e+03
6.421429931701007263e+03
1.755769489453684582e+04
3.163190616260787465e+03
2.730434937607430584e+03
1.155470071337037007e+04
6.654668654537658767e+03
2.137681210045523585e+03
1.926430532093984084e+03
3.699801019115443523e+03
2.733882386955027414e+03
2.246544374195857927e+03
1.322735257783292127e+03
1.126707199409105215e+03
1.886750136190794365e+04
1.883768382995893035e+03
2.405193073057555921e+03
2.409532694623270345e+03
5.107412883230536863e+03
3.588586300623901934e+03
2.608136637137827165e+03
4.216342389697482758e+03
3.128213083524311969e+03
3.361115339378978661e+03
1.510247369574687582e+03
6.818142768344131582e+03
3.160472769231056645e+03
2.971750646824656542e+03
1.125929019104573126e+04
3.032371576534052110e+03
1.406458490620177599e+03
2.690733227466551853e+03
8.900504269873958037e+03
3.153299759644876758e+03
2.431754301520568788e+03
1.621920296080439948e+04
2.601864525239691829e+03
2.636842553931363909e+03
6.568810733400231584e+03
2.460047530392055705e+03
3.761332246841196593e+03
1.891605513946495876e+03
3.939636886139602666e+03
4.103866736664265773e+03
8.719421152826169418e+03
6.655094898858686065e+03
2.883963683143967046e+03
2.038667700657558044e+03
2.523839371005482008e+03
3.024232484968970311e+03
1.893734272971740438e+03
3.095131114512105341e+03
2.098166240816425216e+03
4.010180250543451166e+03
2.359582991577364737e+03
1.900405340047849677e+03
2.546157280597019053e+03
2.149006566012309122e+03
3.403202369334432660e+03
2.887679946526071944e+03
2.600008033757755584e+03
2.388558448119196782e+03
3.206546163457213424e+03
3.168020784744151115e+03
4.194993162096711785e+03
1.857960401528709099e+03
3.128754226333301176e+03
3.296754309952642870e+03
8.430119660438798746e+03
4.327153515474799860e+03
4.382920426116191265e+03
3.814701396668957386e+03
1.443887738004222047e+04
3.497705434272464572e+03
3.116357481612252286e+03
2.878490457248740768e+03
2.970006732532667684e+03
3.350050093516829293e+03
2.634158294447001026e+03
1.194529691035862925e+04
2.855932924136809106e+03
3.216150108491546689e+03
1.480190557059608909e+04
3.520348905838005521e+03
3.507349991892565413e+03
5.299076217407195145e+03
8.524497555666770495e+03
4.384365794652236218e+03
5.793966636937304429e+03
7.226557858357804434e+03
4.043280734594247042e+04
6.066956688750388821e+03
5.916798067097307467e+03
4.920504364455758150e+03
2.274066748262815599e+04
8.024646243013547974e+03
7.601057175799158358e+03
5.329732231619568665e+03
5.666461239422200379e+03
1.265568277965776360e+04
1.277766904701213025e+04
1.514021299806147363e+04
3.598115305113265640e+04
1.305969782581477375e+04
5.254057902549434402e+03
9.114317152018475099e+03
8.756820073536184282e+03
1.284013383309963501e+04
2.374501236828259789e+04
3.459872710381948855e+04
3.136848858327250491e+04
1.597862304264083468e+04
3.861345220834148495e+04
3.581680209506642132e+04
3.230647591195630594e+04
2.768616119339150100e+04
4.273305363970615872e+04
3.826844813662711385e+04
5.138294645644709090e+04
4.756819302779086865e+04
4.854852032395217975e+04
5.119814773535631684e+04
5.381484139588316611e+04
4.996240569147283531e+04
4.017598457584553398e+04
3.415661932403162064e+04
9.307696348170769625e+02
3.401670792115059157e+04
3.465674655210881610e+04
3.604389906774342671e+04
3.826995927431079326e+04
3.535967038454690191e+04
3.822024736690543068e+04
2.267109874361350739e+04
2.720867598468994402e+04
9.462043901333314352e+03
1.972972718594146500e+04
5.212170714438672803e+03
1.822326622567792947e+04
4.126709951496107533e+04
3.878718775144763640e+04
4.397914918573830073e+04
4.347374101855575282e+04
4.466656587976495211e+04
4.377578094850984053e+04
4.249583168166037649e+04
4.623534590037342423e+04
4.190901918964401557e+04
4.591513121660122852e+04
4.784585371047424269e+04
5.040981756432664406e+04
1.461228050885488847e+04
4.536113325619110583e+03
1.722358387075400969e+04
4.473583962274999794e+04
4.791251708893336763e+04
5.127085181484631903e+04
4.063038138504426752e+04
4.417975580747966887e+04
4.656073311722230574e+04
1.097456166455866651e+03
4.892496795389614999e+04
4.312450523355891346e+04
5.232166413766631740e+04
5.014028686056298466e+04
4.926583629928420123e+04
5.083695224184585823e+04
4.795104029628945864e+04
5.384001686169404275e+04
5.473710748565971153e+04
5.598191509046374995e+04
5.244462103128419403e+04
5.463102848178561544e+04
