1.761044167433868211e+02
8.771379127368250010e+02
1.466340817030557446e+03
2.201491716794481363e+03
1.776264038162216821e+03
5.485375122192501294e+03
5.523471987447619540e+03
1.954471365456649892e+03
2.511251720127918816e+03
2.937222872796690808e+03
4.214867795034329902e+03
7.184712838218489196e+03
5.072768035171347947e+03
4.985244716524107389e+03
4.229943756572612983e+03
1.978327823207370557e+03
5.839133281862030344e+03
6.036282411126620900e+03
5.404808256042972971e+03
4.736773030313046547e+03
3.332008312650460539e+03
4.721627773529961814e+03
6.649480712695181865e+03
4.117154167675818826e+03
5.946440274762939225e+03
4.472134575939465321e+03
3.725892704041661545e+03
4.182379708884664979e+03
3.720126903428705191e+03
3.547003600654126330e+03
4.608440421584817159e+03
4.931013256221261145e+03
4.419897522610587657e+03
3.837935486718834909e+03
3.925884502906140824e+03
3.340354551658128457e+03
4.234933105236316806e+03
3.950556904108529579e+03
2.071395751274725626e+03
2.558382296379296349e+03
3.907073184934395613e+03
5.366504554063705655e+03
3.829189455190747140e+03
4.736036542822483170e+03
5.017364147420187692e+03
7.957555630267268498e+03
6.424244806360049552e+03
2.764584091978327251e+03
6.568507315848574763e+03
4.813589487288073542e+03
3.913784850359701068e+03
5.964085779791392270e+03
2.388688325354061362e+03
3.577322332008795911e+03
1.977113902750488023e+03
2.743693850302152896e+03
1.838044548693753313e+03
1.916723300660517452e+03
1.942491574715377055e+03
1.068799466000874190e+03
2.009596724080618969e+03
2.471495853763872219e+03
7.902662196602104814e+02
4.642938975019220379e+03
3.672509846026897776e+03
5.088381522082324409e+03
6.146250019490540581e+03
6.899714444237155476e+03
3.828457294845492015e+03
7.367204718003177732e+03
7.478067771781809824e+03
1.120794737920083753e+04
6.120020273804549106e+03
4.945783479966733466e+03
6.833190641118023450e+03
1.043562722402409599e+04
7.577718791857324504e+03
1.299398054868153667e+04
9.388300587575227837e+03
4.243213237688854861e+03
7.544373029542089171e+03
5.771683017772259518e+03
5.076037731671319307e+03
4.822288693934295225e+03
5.883917788740345713e+03
2.633485948450777414e+03
4.754004415587820404e+03
4.794587147200701111e+03
2.929859025873881365e+03
2.784592336447103662e+03
3.776370292200853783e+03
3.236388651700226092e+03
6.021468743031467056e+03
6.723437174257724109e+03
2.536392074678659355e+03
3.143339132022680587e+03
1.166893625295745369e+04
8.599751502051536590e+03
2.631045809133514467e+03
4.697403031201967678e+03
7.623953662863334102e+03
8.197805733626268193e+03
2.011766255219121149e+03
3.018694662007466377e+03
2.832174262453460415e+03
4.323391594248369984e+03
3.173280971588941156e+03
2.729089333389950752e+03
2.658305300656815234e+03
5.203942144185598409e+03
3.287380459371232064e+03
3.784971608589633888e+03
2.319303967695126630e+03
7.203534318369192079e+03
3.534793962929787085e+03
3.786419657411069238e+03
5.265480237293872960e+03
2.960168572796743774e+03
1.920050311592742446e+03
4.246761800611108811e+03
2.913915892779696151e+03
2.597754933726256240e+03
3.365151132527159916e+03
2.255203344244456730e+03
4.031007402896210351e+03
3.352034654577851143e+03
3.088803001781031071e+03
2.658156092436965082e+03
2.372201145351932155e+03
3.573890563965532237e+03
6.915977886966605183e+03
1.919951614319300859e+01
6.114583696091691309e+03
4.808320249032994070e+03
2.239153295129785874e+03
2.557097619746492001e+03
2.591492667471759887e+03
3.788200050446233035e+03
2.493186084253440640e+03
2.020441069618213533e+03
2.489059853438401205e+03
2.843278352786976939e+03
3.272466846779225307e+03
3.230433531019030852e+03
3.379574022979435085e+03
3.094425088722219243e+03
3.165928581106132697e+03
6.271111114710142829e+03
6.378574000995688039e+03
3.910181751800445909e+03
5.921232791921594071e+03
2.657933339220449852e+03
3.431134150376910839e+03
4.583438557435667462e+03
1.028505128307210543e+04
2.992185319512942897e+03
4.997179456194063278e+03
3.960585361645932153e+03
7.405346989159046643e+03
2.092360995777780772e+03
3.134129116398417409e+03
3.432076146844867253e+03
4.545246833171559047e+03
1.220805213959800676e+04
5.410671108906652080e+03
6.102986242812115961e+03
7.333800539365921395e+03
4.206225702645923775e+03
5.244538469885931590e+03
3.915967199275046823e+03
4.730134793256048397e+03
3.468723458692905297e+03
6.638030516071778948e+03
4.841914222167378284e+03
5.997977399863974824e+03
1.787728919947271834e+03
2.592173732313695382e+03
2.331171079863223895e+03
2.380643352295943714e+03
3.051768495078089927e+03
6.509451825933533655e+03
1.374972075542865423e+04
9.212091776930554261e+03
7.159287701736902818e+03
7.315252231757929621e+03
6.533638733410653003e+03
6.683117148584846291e+03
4.957645786405588296e+03
1.055163253463447836e+04
6.384517259328014006e+03
3.795794355293689296e+04
3.688493642943212762e+04
5.407964186663195505e+03
6.510787993119491148e+03
9.096738325988131692e+03
5.602412717654679909e+03
3.593065131068467599e+04
3.852669098861121893e+04
4.332924147317007009e+04
4.725696900892764825e+04
1.560731576499506991e+04
4.501094366812358930e+04
3.460064221232047566e+04
8.459715166979985952e+03
1.864375982100057809e+04
1.028630125736016817e+04
6.045408339867576615e+03
2.441916879446250095e+04
8.425145503564177488e+03
1.703323073659134752e+04
1.789005547881891835e+04
2.236807581748947632e+04
3.017919730677070038e+04
2.648557802318842005e+04
4.180915991391415446e+04
3.916703444634217885e+04
4.121741437788135227e+04
4.535225545885113388e+04
3.767015760585197131e+04
4.725530370283443335e+04
5.049392581710460945e+04
5.298094347830249899e+04
4.050390489655319834e+04
5.885963637648268195e+04
5.267667290511276951e+04
5.318104583756298962e+04
5.081917831770308840e+04
5.366523360691248672e+04
5.153918959552780143e+04
