1.647130082782331897e+02
2.341356133096373469e+03
2.088882082139824888e+03
4.007451962486818047e+03
2.023482331871257884e+03
2.496076897166056824e+03
3.416378887969835887e+03
6.405139329387488942e+02
1.562493598732831742e+03
4.923829738093487549e+02
1.644691582946820063e+03
2.475235946114441504e+03
1.693393029150846587e+03
4.047063226658797248e+03
2.229579345595226187e+03
8.624932781401755619e+02
3.586974347031745083e+02
4.166173341880117960e+02
9.343318558448556814e+02
2.441058078105208153e+02
1.616132554411004492e+02
1.734574232745196014e+03
6.843224093724930981e+02
6.514203072461488091e+02
1.798430943094162558e+03
1.326731994484762481e+03
5.116933687026883035e+02
1.133478898581739259e+03
1.162676851294985909e+03
7.262158533642456177e+02
5.666566380317037783e+02
9.578682028981303347e+02
1.094462690947748797e+03
1.318725580061673782e+03
1.821231383800853791e+03
1.170670595358243645e+03
2.401234080063636156e+03
2.144901329315516705e+03
1.343728330438975490e+03
4.951277369908772926e+03
1.643320295507125820e+03
4.788718479404443315e+03
3.021812630121909478e+03
3.033878741095487385e+03
2.098973772510563776e+03
7.131331468985417814e+03
5.872241135737869627e+03
9.607345145039853378e+02
2.486307295998511108e+03
6.456589948255668787e+03
2.227701833547963815e+03
8.756983047771066140e+02
8.737809195589972660e+03
1.991680944138090126e+03
3.683953149442518679e+03
2.295188041715239706e+03
4.561572983828838005e+03
3.540567759440787995e+03
1.720202117305463389e+03
4.396010774636801216e+03
4.315318837330822134e+03
4.424407874903269658e+03
3.239367342594283400e+03
1.633576010805370743e+03
4.307557280409834675e+03
7.062305662723158093e+03
1.962988260779031407e+03
3.205356848854220516e+03
4.200959960702401077e+03
3.472581117471876041e+03
3.325643625428506766e+03
4.308292568580251100e+03
2.927553807912104730e+03
2.843809238439331239e+03
2.241647974094317760e+03
5.452979284742027630e+03
3.390460853889364898e+03
6.144626695595363344e+03
8.439446537605779668e+03
6.988128310341598080e+03
7.144861150889963028e+03
2.879338443334692329e+03
6.425339296680149346e+03
4.860419855255912807e+03
3.604231841700217501e+03
5.783258106783242511e+03
4.597730647225473149e+03
2.832732315376730639e+03
1.830275691340527601e+03
7.504819040940741615e+03
7.754470357214331671e+03
2.002064749553205957e+03
2.323207625366789671e+03
2.230117110250130736e+03
1.198533333772071092e+04
2.427019474021185488e+03
1.881468101141225588e+03
3.502369581948179530e+03
5.401396370629783632e+03
5.927454011924345650e+03
1.394066839390936366e+04
3.303941513087416752e+03
8.322319740409218866e+03
6.406535742347797168e+03
2.150268498475940305e+03
4.021369579577589320e+03
7.366965633665533460e+03
2.469203578788793493e+03
5.010394968419149336e+03
3.297902408836408540e+03
1.914367706059441616e+03
2.712752138616035609e+03
1.745457296037155857e+03
5.714943758392708332e+03
6.702413937647414059e+03
4.163896312090604624e+03
2.113448964309180610e+03
9.860156661657327277e+03
3.049456632164642997e+03
3.792161718036234106e+03
4.334022174085337610e+03
5.732524691968360457e+03
2.389123156529165499e+03
5.366220091552514532e+03
7.601163790850459009e+03
3.672697176250153461e+03
1.166834786124062884e+04
5.698933507712791652e+03
1.974827512976022717e+03
2.123365729391523473e+03
2.902089860381620838e+03
3.597590855210760310e+03
3.754378855338685753e+03
3.037589945879499737e+03
3.762498033461263731e+03
3.611859828922163160e+03
3.954637490531225467e+03
4.240409401760601213e+03
1.487814408854254725e+04
4.748544638161344665e+03
4.664765194038948721e+03
2.740759782406784325e+03
2.487811901617206786e+03
2.998430166445205487e+03
2.929892625855005917e+03
7.564020486926646299e+03
6.377659695035955338e+03
4.366140544216465969e+03
5.887718071250540561e+03
1.398422793908313724e+04
3.151312410775298758e+03
4.120315330994497344e+03
9.272997266570080683e+03
6.098442146820055314e+03
1.050720101882985728e+04
7.086454462267985036e+03
4.654708385284931865e+03
1.092721013909399881e+04
2.462576372724839985e+03
1.757607081688983044e+03
1.833278807631664222e+03
1.650060827103169686e+03
3.322321022454517333e+03
2.124235954277917244e+03
2.501499603951600420e+03
1.806924133679026227e+03
1.831934280918764898e+03
2.796168602396337064e+03
2.425937557888421907e+03
1.552887155468156152e+03
6.226957401349422071e+03
4.779953203242112068e+03
2.415907823102727434e+03
2.406124424360287776e+03
2.607429594385786913e+03
2.555390273944683486e+03
6.925255590558217591e+03
2.513916858148197662e+03
2.919349051063056322e+03
5.535883270217878817e+03
2.211739243440979862e+03
2.291792613436842203e+03
2.524624265792338974e+03
5.168442693383117330e+03
3.002790445364862080e+03
2.316719229962776808e+03
1.802642121847412227e+03
1.939436024588679174e+03
2.894897330188901833e+03
3.189877622423278353e+03
2.776847904703149197e+03
2.863806696805052979e+03
2.559340926603491880e+03
2.717570840037177277e+03
3.029976705366019360e+03
2.693390995180020127e+03
2.981585597789347503e+03
1.604564173795914712e+03
2.500071396399809146e+03
2.441457315762043436e+03
5.454984735435752555e+03
3.158414148172360456e+03
3.380993395865848470e+03
5.424194122808582506e+03
2.994046226500185639e+03
4.798295781532983710e+03
3.944112814533452365e+03
7.847165383171276517e+03
2.302499118379386800e+03
6.870459385903986913e+03
3.267011096258395810e+03
4.042317828628298230e+03
3.402454225464261071e+03
7.954600986143603222e+03
5.321078368520376898e+03
2.385595861205058554e+03
2.916279248326834477e+03
3.434584646590481952e+03
2.741931234148861222e+03
3.264364552463402106e+03
4.335069696604139608e+03
5.492265929919633891e+03
5.983007548952336037e+03
5.452885908838721662e+03
3.708510485764990790e+03
4.850264004580083565e+03
1.570380075506840694e+04
7.848448257995044514e+03
5.524028567889106853e+03
3.268867527859213624e+03
7.468745924834923244e+03
4.034933452399923226e+03
8.515292909202322335e+03
6.959077598177957952e+03
7.362064961950285578e+03
1.990075718296757259e+04
2.988884805611916818e+03
6.667661671008497251e+03
7.124559356465852943e+03
7.322579915501481082e+03
1.414464597100076571e+04
9.552291110572239631e+03
9.886560037964016374e+03
2.784471847543867170e+03
2.981441984732397032e+03
3.495678629742505564e+03
6.481697425179846505e+03
9.933890372349353129e+03
6.910171732089443140e+03
6.915564799789906829e+03
4.026370060081453630e+03
7.255439143867594794e+03
8.539507314824544665e+03
4.030976872702362016e+03
8.006400577833273928e+03
4.506425657087127547e+03
9.533966454039964447e+03
4.963211989354565048e+03
6.167808329862710707e+03
5.839134433027740670e+03
5.593237712652571645e+03
4.151319271199361538e+03
4.839875863710500198e+03
9.501054632503981338e+03
1.071235378265783584e+04
7.856309574652802439e+03
6.024782223506022092e+03
6.478906471207705181e+03
7.810418776283092484e+03
1.214023151230833537e+04
1.079882842587235427e+04
1.219999357928350582e+04
1.825447492336855794e+04
1.055234108284078684e+04
9.357180250728208193e+03
8.941894854612595736e+03
6.841075975452742568e+03
4.236880289184451976e+04
4.239588445747439255e+04
5.240756432938686885e+03
2.489344128453158191e+04
2.824982052268334155e+04
9.771549359936718247e+03
8.649288644706573905e+03
4.089761529227600113e+04
3.401310513325341162e+03
8.870020382925813465e+03
4.138940903037451790e+04
4.225050631929899828e+04
4.392821776912050700e+04
3.825663803292864759e+04
1.421425223953628483e+04
4.162876510047388729e+04
1.179238554930720966e+04
9.079204799302846368e+03
3.857200764164244902e+03
4.349712840133358986e+04
4.533756322261150672e+03
2.371483158961894151e+04
7.618582203710506292e+03
4.897815126891499858e+03
4.142865120523731093e+03
2.850753889966443967e+04
3.574158544106197223e+04
4.377602253057152848e+04
3.368050211773242336e+04
5.137811443026430788e+04
4.735438361331976921e+04
5.460732863678761350e+04
4.972146450532312883e+04
2.935793440908060438e+04
4.239725807815544977e+04
3.921236121402549179e+04
5.594483017962800659e+04
5.938560877869282558e+04
4.435299632793440833e+04
5.049481113434425060e+04
5.765062791742898116e+04
5.375565204421819362e+04
4.588504554755528807e+04
3.517452123085692619e+03
5.931529717147090196e+03
1.156635040843244678e+04
5.168663965176900092e+03
4.820861996222101152e+04
4.966672957678678358e+03
2.464257907820876426e+03
5.096922062486089271e+04
5.099394972858189249e+03
2.693944078549069673e+03
4.739833620810736466e+04
5.197560522800450417e+04
5.180742013077431693e+03
9.632718044324747098e+03
1.383230531265085119e+04
2.674194145519467838e+03
5.818992760734830881e+03
2.587013839344507687e+03
2.764030128039610190e+03
4.795876607042807154e+04
5.285502222257739049e+04
2.106319044380602918e+03
4.410168621520492889e+04
2.970301092422052989e+03
5.288807529719893864e+03
4.560839771105921500e+03
3.702259755739138927e+04
7.541052701539515510e+03
5.236970880032136483e+04
3.771671874538702832e+04
8.398811278333623704e+03
6.383501117111032727e+03
7.876657382400438109e+03
1.174729286253670944e+04
4.723721169586205360e+04
3.135696603744501044e+04
4.736788812329631764e+04
1.943761112998960016e+04
4.813176266435834259e+04
4.862785865358695446e+04
4.300400114174631017e+04
2.862979264754168980e+04
2.444403990068969051e+03
3.914756197254172730e+04
2.126209015103431284e+03
4.494262448016896815e+04
4.444105617455651372e+04
4.567800254716063500e+04
5.336207902219215612e+03
4.821831455109501985e+04
4.811711941752243001e+04
4.748201105169294169e+04
8.489694373592328702e+03
4.698196807479716313e+02
1.002159116226052220e+03
1.597559908094038974e+03
-9.069350358155922720e+01
2.913736763739532876e+02
5.858560323197663092e+04
5.145613448370659171e+04
-6.694801229771000806e+01
1.186778421672700574e+02
2.120888291411888531e+02
5.395603824966422479e+01
2.698480754002688627e+03
5.670757818913413939e+04
8.935428395708993321e+01
-6.151802251803468380e+01
-1.385958099517865350e+01
8.733131990467911976e+01
4.809246600498207727e+02
3.717709300874912515e+03
-3.960623352063035441e+01
1.786567387910953073e+02
1.131300900361775952e+01
7.720869649069362595e+02
5.146697712505573145e+04
-1.260237095571467236e+01
5.802469858999434393e+01
-9.075953930725572150e+01
6.515145830284082251e+01
-6.403110975817658357e+01
-1.350464215461355764e+02
4.907580038352049451e+04
4.651806908032733918e+04
1.219134089622825286e+03
4.715695567458357982e+04
5.808496167517351569e+04
4.546734365368220460e+04
3.993552303905759618e+04
5.302216065795064787e+04
4.547413833630338922e+04
1.702851073265293280e+03
2.741926360895503876e+03
4.197700851015285298e+04
2.730807891125323295e+03
2.109328737577314769e+03
2.073214460138640334e+03
3.980260842496412806e+03
2.300765337965040544e+03
5.703558650349995332e+03
5.136035610967010143e+03
1.867504482932071141e+03
5.302491867779247514e+03
5.904626268885484023e+04
4.013450715804509400e+03
5.314877021298220825e+03
2.532885649697461758e+03
3.003773842249507197e+03
1.739460799356410007e+03
2.733046854522634021e+03
1.546641123672902950e+03
6.576308223680022820e+03
5.810179350525048358e+04
5.932963449348423455e+04
4.449266061756866111e+04
2.234569650248476137e+03
4.654765604001426982e+04
5.359478565114326921e+04
5.110571218359567865e+04
4.174434039988852601e+04
4.579128914364373486e+04
4.744888975613703224e+04
4.673970011240387976e+04
5.113007759143527801e+04
5.062285512190198642e+04
5.244171768000198790e+04
6.031237227378529496e+04
6.071389910413449979e+04
5.689060596087879094e+04
6.196959683699324523e+04
5.716017358189291554e+04
5.541818074341070314e+04
5.116033863885504252e+04
5.180250610323817091e+04
4.778433118380006636e+04
5.075370757176556799e+04
5.111307096218640800e+04
4.522969674223868788e+04
5.423577278173134255e+04
1.260622108577934887e+04
5.088381773897886160e+04
4.002765416766815906e+04
4.704174607848162123e+04
3.352799518041916599e+04
3.482908041529266484e+04
4.298003849077326595e+04
4.572631961289593164e+04
7.918296353274163266e+02
5.240807610236854089e+04
5.096154690772143658e+04
1.784097520123713821e+03
5.197102028377819079e+04
3.465653521107468987e+04
4.954709398141621205e+04
5.935127094595837116e+04
4.937765528662192082e+04
6.001562535626419412e+04
3.152131091405862389e+04
3.020555228097769577e+04
6.057394223053286987e+04
3.012138293013313159e+04
6.108730122789795860e+04
5.114010429688751901e+04
4.924750968413149531e+04
5.717491001701523055e+04
4.450587442189135618e+04
4.514517640083592414e+04
5.005184865515217825e+04
5.327490625866298797e+04
5.094822840583604557e+04
