-8.179435506337873107e+01
9.700430541760876224e+01
2.541776346013779403e+03
3.214106912727480676e+02
2.398897580790549000e+03
5.722381165408056631e+02
7.814656835234208074e+02
3.772908540052528110e+02
4.730083322449599450e+02
2.095861918557245644e+03
6.767413012108181647e+03
4.450967723676206333e+03
2.060508209942370286e+03
5.553574651721470218e+03
3.594874474712133633e+03
3.341550057135382303e+03
3.751750240593768012e+03
2.924006802304364101e+03
3.242100683806600046e+03
2.524934347416423407e+03
3.172995009674329594e+03
3.652221374190546157e+03
2.067213946279024185e+03
3.829791034100124307e+03
3.481748778172079255e+03
3.096518045684141271e+03
3.670022667839292353e+03
3.248265849576517667e+03
2.399810380993411854e+03
3.246698579997339039e+03
5.503490745975229402e+03
5.244995477444555036e+03
2.809024945169596776e+03
1.913146848334162996e+03
2.437090646512874173e+03
2.338689637020076589e+03
3.085528906809487580e+03
1.699517072383571531e+03
2.540986375987560677e+03
2.997869960951593839e+03
4.262131926534972081e+03
3.665326634329986064e+03
4.061146208630721048e+03
3.335870135247875623e+03
3.484665022579495599e+03
3.770911534980317356e+03
3.215719181214043147e+03
3.134983271512944157e+03
3.373477156025810473e+03
3.676743965300232503e+03
2.807360475062128899e+03
3.193672615886675430e+03
5.379660892783650525e+03
2.775956324479966952e+03
1.119322725568682290e+04
6.816792443811531484e+03
4.009953878907952458e+03
3.159760527873198043e+03
2.733808694924322481e+03
3.682502101344070979e+03
3.414238962714473018e+03
4.236160336882692718e+03
3.117552185635630394e+03
3.036121931942310766e+03
5.193840624619758273e+03
2.820954321344277560e+03
3.263013794043196867e+03
2.464810911438703897e+03
4.171595601484230428e+03
4.262414544693365315e+03
9.484892116358689236e+03
3.794767823538456469e+03
3.964558493655075381e+03
2.930772171645025992e+03
4.092907407476053322e+03
2.352417340495995177e+03
3.473919052962598926e+03
3.009753327526310841e+03
5.089890608736529430e+03
4.023926479680106695e+03
3.447639780380653065e+03
3.327434901759354489e+03
7.054825827923629731e+03
4.670192326184583180e+03
3.352278370458798236e+03
3.847226085911713653e+03
3.366773089234286545e+03
8.409090039957569388e+03
3.909898908722649139e+03
3.443732971480817469e+03
1.262147142152908964e+04
4.697680894578239531e+03
5.228476386584968168e+03
6.042368498600621024e+03
4.535182199232132916e+03
4.567884700011685709e+03
5.286100942394991762e+03
2.817401332913102124e+03
3.072553638517918444e+03
1.116358523912310375e+04
3.132594344956957684e+03
2.278427423770343012e+03
8.245359151310878588e+03
7.544975114352489072e+03
2.696496293234997211e+03
3.395305504919500663e+02
3.626059392747922061e+02
3.516939442192279330e+03
7.514749012295473221e+03
4.614959533564973754e+03
2.592748584117867267e+03
6.036576979442231277e+03
7.859158412431718716e+03
2.091455218864006838e+03
3.039430826164257269e+03
5.205058561180656397e+03
4.133739273630737443e+03
3.686193642625793927e+03
5.385585921102826433e+03
8.884717628223881547e+03
1.576067924001359825e+04
9.858678293025646781e+03
4.617409838477357880e+03
6.814554014475499571e+03
5.390907376540227233e+03
1.293383675330679216e+04
9.442997504251759892e+03
1.243603538454911359e+04
1.060802576022080939e+04
1.729802435721130678e+04
1.489491885628054297e+04
1.329640601476559459e+04
3.237521317419813204e+04
9.048363271154512404e+03
1.044711738189415883e+04
2.787255339467481008e+03
2.590620324946003166e+03
3.489441239903336736e+03
7.847611968995242023e+03
3.968726536653936819e+03
4.654138586054033112e+03
2.789928941386392125e+03
3.989713133675881636e+03
2.938232723442640690e+03
3.276931492963685287e+03
3.558420818775000953e+03
2.996153020017487506e+03
4.398937245600634924e+03
2.636865297838190600e+03
2.521811286770226161e+03
2.782332019470863997e+03
4.431538735463349440e+03
3.123082543354244990e+03
2.809285567616733715e+03
4.785885326486251870e+03
3.901870211873613880e+04
5.528189098813447345e+03
9.588966818280561711e+03
6.359326370035581022e+03
3.607607833723178828e+03
7.446018631550162354e+03
2.731172527279686165e+03
8.512309641468125847e+03
8.126757325750957534e+03
9.749150307775880719e+03
2.830915332078862048e+04
4.221956778312941606e+04
3.950595521386009932e+04
2.889753592547150765e+04
4.263047124789701775e+04
3.694771069331245963e+04
3.823940148482884979e+04
3.020644257437111082e+04
9.126607781467839231e+03
4.107158650932783530e+03
5.284993723728743134e+03
4.441082299527325631e+03
3.300656706357392250e+04
3.456605590229825611e+04
3.494672818664756051e+04
2.783301466494875422e+04
4.513405513427682308e+04
4.323202448348826874e+04
2.741148157930534239e+02
4.476131226156754565e+04
5.569224338919068396e+04
4.015257697500371432e+04
5.225523872739890794e+04
1.532676255652352211e+03
5.396274303996105300e+04
5.523883633620730689e+04
5.000682180350051203e+04
4.654123460166067525e+04
4.972727795325667103e+04
5.157247309499443509e+04
5.413574175440085673e+04
4.749295355470160575e+04
5.765406216162646888e+04
5.324250851454315125e+04
5.827138472754506802e+04
4.796283520967778168e+04
5.372344877118950535e+04
3.708103024774914229e+04
5.879104893307021848e+04
5.337017619740121881e+04
4.058393898235735105e+04
3.152151041857977907e+04
3.214447387107935720e+04
5.114967474986587331e+04
2.522804217562713529e+04
4.966558868797888135e+04
1.449128218685181309e+04
4.218551092048547434e+04
3.550380656399327563e+04
5.067985751508902467e+04
1.593701212113058682e+04
5.854260449275716383e+04
5.874778670679710194e+04
5.568931037860937795e+04
5.740314308811012597e+04
4.421378434309571458e+04
5.163625279983114888e+04
4.768630914461852808e+04
4.912164751683089708e+04
5.846785457782285084e+04
6.099263316012449650e+04
5.541184670557463687e+04
5.444123392728211184e+04
6.116458627014725789e+04
